402323
402388
402389
405476
405477
405478
405479
413093
414037
414386
414387
414667
414668
415036
415037
415038
415461
418808
418809
420705
421186
421187
424183
424607
425501
425502
425503
425504
425505
427735
427762
433311
433312
433313
438955
447624
448312
457990
462729
462730
462779
465578
465993
468529
472808
472809
474138
476326
480234
487413
510069
510070
510156
510236
520953
521035
529917
533594
540636
542439
542776
547346
547445
547710
548163
548164
548359
554263
554264
557002
557081
557837
558273
558278
558513